/* DATA DESCRIPTION:
Citation:	Beddow, HM et al. (2016): Isotope ratios versus age in composite core 320-U1134. doi:10.1594/PANGAEA.858328, 
	In Supplement to: Beddow, Helen M; Liebrand, Diederik; Sluijs, Appy; Wade, Bridget S; Lourens, Lucas Joost (2016): Global change across the Oligocene-Miocene transition: High-resolution stable isotope records from IODP Site U1334 (equatorial Pacific Ocean). Paleoceanography, 31(1), 81-97, doi:10.1002/2015PA002820
Project(s):	Integrated Ocean Drilling Program / International Ocean Discovery Program (IODP) (URI: http://www.iodp.org/)
Coverage:	LATITUDE: 7.999000 * LONGITUDE: -131.973000
	MINIMUM ELEVATION: -4799.9 m * MAXIMUM ELEVATION: -4799.9 m
Event(s):	320-U1334 * LATITUDE: 7.999000 * LONGITUDE: -131.973000 * ELEVATION: -4799.9 m * CAMPAIGN: Exp320 (Pacific Equatorial Age Transect I) (URI: doi:10.2204/iodp.proc.320321.2010) * BASIS: Joides Resolution (URI: http://www-odp.tamu.edu/resolutn.html) * DEVICE: Composite Core (COMPCORE)
Parameter(s):	Depth, composite revised, corrected [crmcd] (Depth corr cr) * PI: Beddow, Helen M
	AGE [ka BP] (Age) * GEOCODE * PI: Beddow, Helen M
	delta 13C [per mil PDB] (d13C) * PI: Beddow, Helen M
	delta 18O [per mil] (d18O) * PI: Beddow, Helen M * METHOD: predicted
License:	Creative Commons Attribution 3.0 Unported (CC-BY)
Size:	1842 data points
*/
Depth corr cr [crmcd]	Age [ka BP]	d13C [per mil PDB]	d18O [per mil]
88.955	21913.138	1.15	1.81
88.995	21916.473	1.11	1.78
89.035	21919.804	0.84	1.29
89.075	21923.131	0.90	1.80
89.115	21926.455	0.76	1.72
89.195	21933.092	0.86	1.49
89.235	21936.405	0.97	1.49
89.275	21939.714	0.77	1.49
89.315	21943.020	0.75	1.64
89.395	21949.621	0.88	1.71
89.415	21951.269	0.91	1.81
89.515	21959.496	0.69	1.28
89.535	21961.139	0.75	1.26
89.555	21962.781	0.96	1.33
89.595	21966.062	1.23	1.72
89.635	21969.339	0.79	1.37
89.675	21972.613	1.11	1.81
89.715	21975.884	0.97	1.31
89.735	21977.518	1.48	1.85
89.795	21982.415	1.32	1.52
89.835	21985.675	1.05	1.90
89.875	21988.931	1.15	2.10
89.915	21992.185	1.30	1.89
89.955	21995.434	1.28	1.73
90.035	22001.924	0.67	2.01
90.075	22005.163	1.29	2.01
90.115	22008.399	1.16	1.85
90.155	22011.632	1.34	2.09
90.195	22014.861	1.25	1.90
90.255	22019.699	1.08	1.83
90.265	22020.505	1.11	1.94
90.275	22021.310	0.88	1.82
90.285	22022.115	1.02	1.86
90.295	22022.920	0.91	1.83
90.305	22023.725	1.16	1.86
90.315	22024.529	1.16	1.83
90.435	22034.167	1.10	1.73
90.475	22037.372	1.02	1.74
90.515	22040.575	1.08	1.72
90.555	22043.774	1.67	2.08
90.635	22050.162	0.87	1.41
90.675	22053.352	1.03	1.55
90.715	22056.538	1.14	1.66
90.795	22062.900	1.14	1.48
90.835	22066.076	1.07	1.63
90.875	22069.249	1.17	1.69
90.915	22072.419	1.26	1.78
90.955	22075.585	1.03	1.52
90.995	22078.748	1.34	2.25
91.075	22085.065	0.81	1.40
91.115	22088.219	1.59	1.97
91.155	22091.369	1.19	2.11
91.235	22097.660	1.31	2.06
91.275	22100.801	1.20	2.04
91.395	22110.205	1.25	1.83
91.435	22113.333	1.26	1.91
91.475	22116.458	1.51	2.03
91.515	22119.580	1.48	2.01
91.555	22122.699	1.44	1.86
91.595	22125.815	1.03	1.95
91.635	22128.928	1.28	1.99
91.675	22132.038	1.23	1.95
91.715	22135.144	1.11	1.93
91.755	22138.248	1.05	2.01
91.795	22141.348	0.99	1.73
91.875	22147.540	1.35	1.94
91.915	22150.631	1.07	1.83
91.945	22152.948	1.34	1.85
91.985	22156.034	1.29	1.84
92.025	22159.117	1.38	1.80
92.065	22162.197	1.01	1.73
92.105	22165.274	0.93	1.74
92.145	22168.348	1.13	1.67
92.185	22171.419	1.29	1.72
92.225	22174.487	1.22	1.73
92.265	22177.552	1.04	1.88
92.285	22179.083	1.22	1.72
92.305	22180.614	1.23	1.57
92.325	22182.144	1.34	1.96
92.345	22183.673	1.03	1.74
92.385	22186.729	1.25	1.64
92.425	22189.783	0.96	1.65
92.465	22192.833	1.32	1.58
92.505	22195.880	1.04	1.81
92.545	22198.925	1.42	1.98
92.585	22201.967	1.20	1.84
92.665	22208.041	1.05	1.74
92.745	22214.105	1.19	1.93
92.785	22217.132	1.00	1.89
92.945	22229.213	1.27	1.86
93.065	22238.244	1.28	1.78
93.105	22241.249	0.96	1.56
93.145	22244.250	1.23	1.70
93.225	22250.246	1.38	1.76
93.265	22253.240	0.94	1.57
93.305	22256.231	1.47	1.86
93.345	22259.219	0.96	1.72
93.453	22267.300	1.35	2.07
93.522	22272.440	1.20	1.99
93.557	22275.006	0.98	1.81
93.591	22277.571	1.25	1.91
93.615	22279.318	0.54	1.98
93.655	22282.285	1.53	1.76
93.695	22285.250	1.50	1.53
93.735	22288.212	0.91	1.77
93.775	22291.171	1.37	1.92
93.855	22297.081	1.07	1.81
93.895	22300.033	1.27	1.56
93.975	22305.927	1.46	1.75
94.015	22308.871	1.19	1.54
94.055	22311.812	1.34	1.63
94.095	22314.750	1.41	1.67
94.135	22317.686	1.17	1.86
94.175	22320.619	1.40	1.83
94.255	22326.478	1.22	1.80
94.295	22329.403	1.37	1.76
94.375	22335.247	1.31	1.99
94.415	22338.164	1.05	1.83
94.455	22341.080	1.19	1.69
94.615	22352.716	1.32	1.89
94.655	22355.619	1.63	1.86
94.695	22358.520	0.99	1.57
94.735	22361.418	1.06	1.64
94.775	22364.314	1.30	1.79
94.815	22367.207	1.30	1.65
94.855	22370.097	1.06	1.76
94.895	22372.986	1.10	1.66
94.975	22378.755	1.10	1.59
94.995	22380.196	1.24	1.66
95.055	22384.515	1.18	1.69
95.075	22385.953	0.57	1.58
95.095	22387.391	1.06	1.73
95.115	22388.829	1.04	1.56
95.135	22390.265	1.16	1.87
95.155	22391.701	1.28	1.92
95.175	22393.137	1.30	2.01
95.195	22394.572	0.63	1.60
95.215	22396.006	1.08	1.76
95.255	22398.873	1.28	1.87
95.295	22401.737	1.19	1.93
95.335	22404.600	1.08	1.75
95.375	22407.460	1.02	1.05
95.415	22410.317	1.06	1.63
95.455	22413.172	1.13	1.78
95.495	22416.025	1.10	1.52
95.535	22418.876	1.18	1.49
95.575	22421.725	0.93	1.47
95.615	22424.571	1.05	1.61
95.655	22427.415	0.93	1.30
95.695	22430.256	1.36	1.62
95.735	22433.095	1.02	1.79
95.815	22438.767	1.16	1.35
95.855	22441.600	1.30	1.73
95.895	22444.431	1.17	1.73
95.975	22450.085	1.07	1.68
96.015	22452.909	1.19	1.86
96.175	22464.182	1.45	1.77
96.215	22466.995	1.33	1.57
96.255	22469.806	1.28	1.68
96.335	22475.422	1.33	1.81
96.415	22481.029	1.19	1.95
96.455	22483.829	1.09	2.03
96.495	22486.627	1.34	1.58
96.575	22492.217	1.18	1.94
96.615	22495.009	1.24	1.74
96.695	22500.587	1.07	1.62
96.735	22503.373	1.12	1.72
96.775	22506.157	1.05	1.75
96.815	22508.939	0.88	1.25
96.855	22511.718	0.99	1.65
96.895	22514.496	0.97	1.41
96.935	22517.272	1.06	1.24
97.015	22522.817	1.00	1.47
97.095	22528.355	1.26	1.90
97.135	22531.121	1.08	1.49
97.175	22533.885	1.15	1.66
97.215	22536.647	1.31	1.71
97.255	22539.407	0.69	1.11
97.295	22542.165	1.59	1.62
97.345	22545.610	1.00	1.69
97.375	22547.675	1.42	1.55
97.415	22550.428	1.38	1.73
97.455	22553.178	1.41	1.98
97.495	22555.927	1.52	1.96
97.575	22561.419	1.13	1.93
97.695	22569.642	1.76	1.82
97.815	22577.849	1.09	1.95
97.895	22583.311	1.46	1.49
98.135	22599.655	1.49	1.80
98.175	22602.373	1.04	1.70
98.215	22605.089	1.13	1.85
98.295	22610.516	1.10	1.89
98.335	22613.227	1.30	1.43
98.375	22615.936	1.11	1.45
98.415	22618.644	1.24	1.82
98.455	22621.350	1.17	1.72
98.495	22624.054	1.39	1.91
98.535	22626.756	1.10	1.81
98.618	22632.337	0.98	1.70
98.665	22635.517	1.18	1.50
98.759	22641.870	1.06	1.72
98.815	22645.628	1.07	1.41
98.895	22651.005	0.98	1.66
98.935	22653.691	1.14	2.05
99.015	22659.059	1.15	1.78
99.055	22661.741	1.25	1.68
99.135	22667.099	1.10	1.71
99.295	22677.797	0.98	1.82
99.535	22693.800	0.89	1.62
99.615	22699.122	0.88	1.62
99.655	22701.782	1.06	1.89
99.695	22704.439	0.91	1.74
99.735	22707.095	0.89	1.59
99.815	22712.404	0.86	1.67
99.855	22715.056	0.67	1.73
100.055	22728.295	0.83	1.61
100.175	22736.222	1.03	1.46
100.255	22741.501	1.09	1.68
100.295	22744.138	1.07	1.61
100.375	22749.408	0.73	1.55
100.415	22752.041	1.14	1.73
100.455	22754.674	1.07	1.83
100.495	22757.304	1.23	1.82
100.535	22759.934	1.11	1.96
100.695	22770.439	1.22	2.16
100.775	22775.685	1.21	2.10
100.815	22778.306	1.04	2.04
100.895	22783.544	1.15	1.92
100.935	22786.161	0.94	1.87
101.015	22791.393	0.71	2.15
101.055	22794.007	1.09	1.83
101.175	22801.841	1.05	1.93
101.215	22804.451	0.86	1.71
101.255	22807.059	1.03	1.84
101.295	22809.666	0.72	1.75
101.335	22812.272	1.05	1.56
101.375	22814.877	0.93	1.61
101.455	22820.084	0.89	1.70
101.535	22825.287	0.89	1.58
101.615	22830.485	0.97	1.58
101.695	22835.679	1.00	1.99
101.735	22838.275	1.21	1.93
101.815	22843.463	1.14	1.87
101.855	22846.056	1.34	2.16
101.895	22848.647	1.16	2.20
101.935	22851.238	1.15	2.13
101.975	22853.828	1.00	2.21
102.015	22856.416	1.20	2.10
102.055	22859.004	0.81	2.15
102.095	22861.591	1.29	1.95
102.135	22864.177	1.25	1.87
102.215	22869.346	1.22	2.00
102.255	22871.929	1.06	1.88
102.335	22877.093	1.28	1.93
102.535	22889.987	1.47	1.90
102.615	22895.139	1.13	1.79
102.655	22897.714	0.91	1.59
102.695	22900.288	1.02	1.94
102.815	22908.004	1.33	1.92
102.855	22910.575	0.97	1.92
102.895	22913.145	1.29	2.04
102.935	22915.714	1.33	1.79
102.975	22918.282	1.08	1.63
103.015	22920.850	0.99	1.81
103.135	22928.548	1.33	1.76
103.255	22936.241	1.19	1.97
103.375	22943.926	1.21	1.97
103.415	22946.487	1.34	2.12
103.455	22949.047	1.25	1.81
103.495	22951.606	1.23	1.89
103.535	22954.165	1.48	1.97
103.575	22956.723	1.42	2.23
103.615	22959.281	1.29	1.97
103.655	22961.837	1.27	2.14
103.735	22966.949	1.36	1.71
103.775	22969.504	1.39	1.92
103.815	22972.059	1.21	2.00
103.855	22974.613	1.02	1.75
103.895	22977.166	1.38	1.92
103.975	22982.271	1.21	1.78
104.015	22984.822	1.33	2.20
104.135	22992.474	1.44	2.16
104.175	22995.024	0.98	2.15
104.215	22997.573	1.20	2.01
104.318	23004.163	1.24	2.05
104.374	23007.724	0.86	1.94
104.445	23012.221	1.00	1.81
104.485	23014.767	1.53	2.43
104.525	23017.312	1.17	2.11
104.605	23022.402	1.12	1.91
104.645	23024.946	1.25	1.96
104.725	23030.034	1.12	2.00
104.845	23037.662	1.20	2.23
104.925	23042.745	0.93	2.01
104.965	23045.287	0.85	2.08
105.005	23047.827	1.11	2.09
105.045	23050.368	1.08	2.12
105.085	23052.908	1.12	2.15
105.205	23060.527	1.08	2.16
105.285	23065.605	1.09	2.03
105.365	23070.682	0.94	1.98
105.405	23073.220	1.26	1.89
105.445	23075.758	1.23	2.17
105.485	23078.295	0.83	1.81
105.525	23080.833	1.21	2.16
105.565	23083.370	1.41	1.99
105.605	23085.907	1.12	2.26
105.645	23088.443	1.14	2.02
105.685	23090.980	0.77	1.84
105.725	23093.516	1.11	1.79
105.805	23098.588	0.91	1.87
105.845	23101.124	1.17	1.98
105.885	23103.660	1.03	1.99
105.925	23106.195	1.11	1.86
106.005	23111.266	1.08	1.95
106.045	23113.801	0.99	1.98
106.085	23116.336	1.02	1.70
106.125	23118.871	0.96	1.99
106.205	23123.940	1.15	1.84
106.245	23126.475	0.93	1.91
106.285	23129.010	0.95	1.88
106.325	23131.544	0.74	2.02
106.365	23134.078	0.85	1.62
106.445	23139.147	1.00	1.82
106.485	23141.681	0.96	1.65
106.525	23144.216	0.92	1.61
106.565	23146.750	1.03	1.59
106.605	23149.284	1.06	1.69
106.645	23151.819	1.02	1.75
106.725	23156.887	1.16	1.56
106.765	23159.422	1.14	1.53
106.805	23161.956	1.12	1.53
106.845	23164.490	1.07	1.72
106.885	23167.025	1.03	1.69
106.925	23169.559	0.46	1.64
107.125	23182.233	0.87	1.65
107.205	23187.303	1.10	1.67
107.245	23189.839	1.24	1.73
107.285	23192.374	1.00	1.74
107.365	23197.446	1.28	1.53
107.405	23199.981	0.69	1.33
107.445	23202.518	0.65	1.36
107.485	23205.054	1.09	1.55
107.565	23210.127	0.86	1.63
107.605	23212.664	1.46	1.16
107.845	23227.889	0.86	1.75
107.965	23235.505	0.78	1.61
108.005	23238.045	0.98	1.67
108.045	23240.584	0.71	1.46
108.085	23243.124	0.89	1.50
108.125	23245.664	0.81	1.58
108.165	23248.205	0.84	1.43
108.205	23250.746	0.70	1.27
108.245	23253.287	0.54	1.33
108.285	23255.828	0.83	1.29
108.325	23258.370	0.77	1.58
108.365	23260.912	0.40	1.35
108.405	23263.455	0.75	1.69
108.445	23265.998	0.58	1.68
108.485	23268.541	0.66	1.67
108.525	23271.085	0.68	1.33
108.565	23273.629	0.49	1.55
108.645	23278.719	0.61	1.44
108.685	23281.264	0.78	1.50
108.725	23283.810	0.64	1.40
108.765	23286.356	0.76	1.62
108.805	23288.903	0.76	1.39
108.845	23291.450	0.71	1.28
108.885	23293.998	0.45	1.47
108.965	23299.094	0.83	1.48
109.005	23301.643	0.79	1.58
109.045	23304.193	0.60	1.48
109.085	23306.743	0.72	1.57
109.125	23309.293	0.68	1.46
109.165	23311.845	0.56	1.40
109.205	23314.396	0.62	1.60
109.245	23316.948	0.79	1.47
109.285	23319.501	0.76	1.62
109.325	23322.054	0.80	1.49
109.365	23324.608	0.75	1.57
109.405	23327.163	0.77	1.52
109.445	23329.718	0.87	1.46
109.485	23332.273	0.86	1.74
109.525	23334.829	1.09	1.48
109.565	23337.386	0.87	1.44
109.605	23339.943	0.64	1.51
109.645	23342.501	0.67	1.57
109.805	23352.740	0.61	1.62
109.845	23355.301	0.76	1.75
109.865	23356.582	0.95	1.70
109.905	23359.144	0.70	1.52
109.945	23361.707	0.99	1.60
110.065	23369.400	0.74	1.46
110.105	23371.966	1.08	1.63
110.145	23374.533	0.81	1.45
110.185	23377.100	0.54	1.35
110.225	23379.668	0.68	1.32
110.265	23382.236	0.83	1.63
110.305	23384.806	0.65	1.38
110.345	23387.376	0.85	1.69
110.385	23389.947	0.76	1.58
110.425	23392.519	0.83	1.79
110.545	23400.239	0.81	1.70
110.585	23402.814	1.35	1.70
110.625	23405.390	0.92	1.62
110.745	23413.122	1.20	1.68
110.785	23415.702	1.14	1.64
110.825	23418.282	1.12	1.66
110.865	23420.863	0.78	1.49
110.905	23423.444	1.02	1.71
110.945	23426.027	1.25	1.65
110.985	23428.611	1.01	1.61
111.145	23438.954	1.24	1.78
111.185	23441.543	0.91	1.69
111.225	23444.132	1.11	1.52
111.305	23449.313	0.95	1.63
111.385	23454.498	0.80	1.57
111.425	23457.092	0.90	1.62
111.505	23462.283	0.96	1.69
111.545	23464.880	0.87	1.63
111.585	23467.478	1.04	1.70
111.625	23470.078	0.96	1.66
111.665	23472.678	0.99	1.55
111.705	23475.279	0.90	1.62
111.745	23477.881	0.90	1.65
112.225	23509.193	0.98	1.72
112.265	23511.810	1.00	1.72
112.305	23514.428	1.08	1.74
112.345	23517.047	1.05	1.76
112.385	23519.667	0.99	1.69
112.425	23522.289	1.12	1.75
112.465	23524.912	1.04	1.65
112.545	23530.160	1.16	1.56
112.625	23535.414	1.04	1.53
112.665	23538.043	1.23	1.78
112.705	23540.673	0.98	1.40
112.745	23543.304	1.12	1.48
112.785	23545.937	1.17	1.65
112.825	23548.571	1.00	1.52
112.865	23551.206	1.06	1.81
112.905	23553.843	0.56	1.37
112.945	23556.480	1.00	1.49
112.985	23559.119	0.92	1.67
113.025	23561.760	1.03	1.73
113.065	23564.401	0.80	1.64
113.105	23567.044	1.03	1.54
113.145	23569.689	0.81	1.66
113.185	23572.335	0.94	1.71
113.225	23574.982	1.12	1.79
113.265	23577.630	1.03	1.59
113.305	23580.280	0.99	1.65
113.325	23581.605	1.16	1.58
113.345	23582.931	1.00	1.54
113.385	23585.584	1.01	1.29
113.425	23588.238	0.63	1.39
113.465	23590.893	0.93	1.64
113.505	23593.550	1.07	1.57
113.545	23596.208	0.79	1.61
113.585	23598.868	0.91	1.74
113.625	23601.529	0.99	1.71
113.665	23604.192	0.92	1.80
113.705	23606.856	0.80	1.69
113.745	23609.521	0.94	1.81
113.785	23612.188	1.12	1.55
113.825	23614.857	0.87	1.65
113.905	23620.198	0.81	1.86
113.945	23622.871	0.69	1.90
113.985	23625.546	0.85	1.79
114.025	23628.222	0.71	1.78
114.065	23630.899	0.78	1.56
114.105	23633.579	0.88	1.54
114.145	23636.259	0.83	1.58
114.185	23638.941	0.98	1.51
114.225	23641.625	0.81	1.52
114.265	23644.311	0.90	1.39
114.305	23646.998	1.11	1.40
114.385	23652.376	0.75	1.55
114.465	23657.761	0.86	1.63
114.505	23660.456	0.57	1.63
114.545	23663.153	0.87	1.69
114.585	23665.851	0.85	1.72
114.625	23668.551	0.79	1.83
114.665	23671.253	0.81	1.81
114.705	23673.956	0.80	1.52
114.745	23676.661	0.97	1.36
114.825	23682.076	0.94	1.46
114.865	23684.786	0.95	1.59
114.925	23688.854	0.68	1.87
114.945	23690.211	0.56	1.51
114.985	23692.926	0.59	1.48
115.025	23695.643	0.67	1.58
115.065	23698.361	0.78	1.61
115.105	23701.082	0.71	1.83
115.145	23703.804	0.50	1.53
115.185	23706.528	0.59	1.55
115.225	23709.253	0.52	1.49
115.265	23711.981	0.70	1.56
115.345	23717.441	0.46	1.34
115.385	23720.174	0.65	1.46
115.425	23722.908	0.58	1.54
115.455	23724.961	0.83	1.60
115.615	23735.923	0.81	1.64
115.655	23738.668	0.54	1.48
115.695	23741.415	0.60	1.51
115.735	23744.164	0.79	1.52
115.775	23746.915	0.78	1.49
115.815	23749.668	0.62	1.11
115.855	23752.422	0.62	1.11
115.895	23755.179	0.58	1.24
115.935	23757.938	0.76	1.64
115.975	23760.698	0.50	1.39
116.015	23763.460	0.98	1.61
116.055	23766.225	0.59	1.45
116.095	23768.991	0.67	1.60
116.135	23771.759	0.86	1.71
116.175	23774.529	0.60	1.52
116.215	23777.301	0.62	1.46
116.255	23780.076	0.61	1.38
116.335	23785.630	0.27	1.77
116.375	23788.410	0.64	1.40
116.415	23791.192	0.69	1.48
116.455	23793.976	0.61	1.33
116.495	23796.763	0.85	1.52
116.535	23799.551	0.85	1.34
116.615	23805.133	0.77	1.47
116.895	23824.739	0.77	1.52
117.015	23833.172	0.85	1.52
117.055	23835.988	0.60	1.52
117.175	23844.448	0.87	1.42
117.215	23847.272	0.92	1.44
117.255	23850.099	0.79	1.49
117.295	23852.927	0.68	1.39
117.375	23858.591	0.81	1.51
117.415	23861.426	0.76	1.54
117.455	23864.264	0.84	1.68
117.495	23867.104	0.83	1.50
117.535	23869.946	0.76	1.68
117.615	23875.637	0.56	1.25
117.655	23878.486	0.87	1.87
117.695	23881.337	0.92	1.59
117.735	23884.190	0.85	1.52
117.775	23887.046	0.57	1.42
117.855	23892.764	0.81	1.60
117.935	23898.492	0.90	1.56
117.975	23901.359	0.78	1.70
118.015	23904.229	0.71	1.72
118.055	23907.101	0.62	1.74
118.095	23909.975	0.76	1.49
118.135	23912.852	0.66	1.55
118.175	23915.731	0.66	1.83
118.215	23918.613	0.73	1.61
118.255	23921.497	0.76	1.62
118.295	23924.383	0.80	1.59
118.335	23927.272	0.78	1.51
118.375	23930.163	0.84	1.61
118.415	23933.057	0.74	1.52
118.495	23938.851	0.62	1.40
118.535	23941.752	0.67	1.47
118.575	23944.656	0.82	1.37
118.615	23947.561	0.54	1.44
118.655	23950.470	0.59	1.49
118.695	23953.381	0.59	1.50
118.735	23956.294	0.65	1.66
118.775	23959.210	0.59	1.47
118.815	23962.128	0.70	1.53
118.895	23967.973	0.59	1.46
118.975	23973.827	0.52	1.49
119.015	23976.758	0.62	1.44
119.055	23979.692	0.57	1.47
119.095	23982.628	0.54	1.64
119.135	23985.567	0.50	1.53
119.215	23991.452	0.54	1.56
119.255	23994.399	0.69	1.78
119.295	23997.348	0.65	1.71
119.335	24000.300	0.63	1.61
119.375	24003.254	0.65	1.52
119.415	24006.211	0.65	1.50
119.455	24009.171	0.64	1.40
119.495	24012.134	0.57	1.39
119.575	24018.066	0.59	1.36
119.615	24021.037	0.73	1.44
119.655	24024.010	0.65	1.50
119.695	24026.986	0.62	1.58
119.735	24029.964	0.65	1.45
119.775	24032.945	0.53	1.55
119.795	24034.437	0.61	1.38
119.815	24035.929	0.50	1.47
119.855	24038.916	0.57	1.48
119.895	24041.905	0.40	1.53
119.975	24047.892	0.12	1.29
120.015	24050.890	0.54	1.57
120.095	24056.893	0.68	1.55
120.135	24059.899	0.49	1.43
120.175	24062.908	0.36	1.23
120.215	24065.920	0.46	1.35
120.255	24068.934	0.79	1.63
120.375	24077.994	0.50	1.45
120.495	24087.080	0.53	1.67
120.535	24090.114	0.69	1.60
120.575	24093.151	0.76	1.54
120.615	24096.192	0.56	1.59
120.735	24105.329	0.73	1.71
120.775	24108.381	0.66	1.66
120.815	24111.435	0.65	1.65
120.855	24114.493	0.64	1.53
120.895	24117.553	0.80	1.59
120.935	24120.617	0.56	1.46
120.975	24123.683	0.64	1.42
121.015	24126.753	0.73	1.50
121.055	24129.825	0.75	1.61
121.095	24132.900	0.74	1.51
121.135	24135.979	0.65	1.41
121.215	24142.144	0.69	1.30
121.255	24145.232	0.50	1.44
